0.176471
0.312500
0.243243
0.131579
0.405405
0.131579
0.756098
0.521739
0.461538
0.491228
0.392857
0.311111
1.166667
0.230769
0.243902
0.150000
0.521739
0.325000
0.311111
0.325000
0.217391
1.491525
2.326923
0.871795
0.846154
0.000000
0.522727
2.259259
2.130435
1.805556
1.408163
0.409091
0.230769
2.309524
1.891892
1.901961
0.431818
0.173913
1.000000
3.277778
3.431818
0.425532
0.204082
0.159091
1.600000
1.972973
2.046512
0.212121
0.066667
0.425000
1.512821
1.170732
1.291667
0.285714
0.720930
0.666667
1.151515
2.400000
0.511628
0.368421
0.780488
1.307692
1.378378
0.260000
0.309524
0.302326
0.566667
0.186047
0.325581
0.152174
0.812500
0.309524
0.155556
0.139535
0.612903
0.125000
0.707317
0.136364
0.227273
1.641026
0.553191
0.111111
0.210526
0.621622
1.031250
0.060606
0.394737
0.166667
5.578947
0.820513
1.000000
0.657895
0.404762
0.636364
4.581395
0.444444
0.422222
1.743590
0.466667
0.195122
0.940000
0.951220
0.363636
0.333333
1.230769
2.368421
1.944444
0.540541
1.000000
1.543478
1.279070
1.270270
1.289474
0.522727
0.750000
0.571429
1.186047
0.918919
1.214286
0.790698
1.459459
0.765957
0.976190
1.820513
2.055556
1.159091
2.622222
1.372093
1.361702
1.410256
0.731707
1.355556
1.282051
2.162791
1.384615
0.893617
1.586957
1.880952
1.538462
0.696970
0.411765
0.488889
1.595745
0.189189
0.829268
1.045455
1.600000
2.413043
1.763158
2.574468
1.327273
0.975000
1.744186
0.731707
0.439024
0.365854
0.558140
0.175000
0.775510
1.250000
1.219512
0.510204
1.040000
0.341463
0.307692
0.850000
0.300000
0.255814
3.895833
0.577778
1.686275
2.204545
1.384615
0.409091
0.857143
1.682927
1.340426
0.627907
1.500000
3.325581
0.511111
1.583333
1.360000
0.466667
0.685185
1.636364
3.591837
1.060000
3.166667
1.927273
1.230769
2.434783
2.434783
0.500000
0.500000
0.517241
0.517241
0.714286
0.714286
3.439024
3.439024
0.878049
0.878049
1.323529
1.323529
2.529412
2.529412
0.842105
0.842105
1.720930
1.720930
0.694444
0.694444
1.135135
1.828571
1.135135
1.828571
1.860465
1.619048
1.860465
1.619048
1.564103
1.564103
1.534884
1.534884
0.536585
1.928571
1.928571
0.536585
1.314286
0.657895
1.314286
0.657895
1.840909
1.840909
2.288889
2.288889
1.486486
1.486486
1.071429
1.071429
1.625000
1.625000
0.641026
0.641026
2.583333
2.583333
0.634146
1.461538
0.634146
1.461538
1.243243
1.243243
1.187500
1.340909
1.187500
1.340909
0.954545
0.954545
2.509804
2.509804
2.980769
2.980769
1.228571
1.228571
1.607843
1.607843
1.600000
1.600000
1.821429
1.821429
2.877193
2.054545
2.877193
2.054545
1.204082
2.217391
1.204082
2.217391
2.350000
1.489362
2.350000
1.977778
1.489362
1.977778
1.978723
0.695652
0.695652
2.180000
2.809524
1.461538
2.180000
2.787234
1.978723
3.037037
3.452830
2.809524
1.461538
2.787234
3.037037
3.452830
1.928571
1.928571
1.564103
2.666667
3.648148
4.266667
2.025000
2.261905
3.528302
2.190476
2.435897
1.902439
2.595238
1.577778
2.392157
2.604167
2.547619
1.173913
3.047619
1.551020
1.905660
1.212766
1.674419
1.212766
1.128205
0.878049
1.250000
1.404762
1.803922
0.577778
0.842105
1.750000
1.222222
1.263158
0.840909
1.229167
1.607843
1.062500
1.463415
0.571429
0.775000
0.484848
0.775000
0.818182
1.604167
0.312500
3.142857
0.864865
0.545455
3.606061
0.750000
3.521739
1.127660
3.137255
1.732143
2.622222
1.128205
1.510204
1.686275
2.321429
0.911111
1.390244
1.450980
1.255814
2.269231
1.000000
1.454545
1.111111
1.690476
0.812500
0.757576
2.138889
1.148936
0.736842
1.604651
1.274510
1.285714
1.190476
1.073171
1.976744
2.053571
0.729730
0.568182
2.250000
0.458333
2.357143
1.170732
0.800000
1.260870
2.666667
1.448980
2.934783
1.571429
3.872340
3.000000
1.288462
1.857143
3.000000
1.180000
1.564103
2.666667
3.648148
4.266667
2.816327
1.577778
2.392157
2.604167
2.547619
3.047619
1.551020
1.905660
0.553571
0.022222
0.117647
0.275862
0.189189
1.163636
1.538462
0.333333
0.478261
0.179487
0.285714
0.625000
0.162791
0.555556
3.183673
1.088235
1.342105
0.717391
0.220000
0.204545
3.673077
1.739130
1.589744
1.562500
1.757576
1.416667
0.534884
0.500000
1.279070
1.450000
1.769231
2.461538
0.448980
0.200000
0.303030
0.695652
1.684211
3.136364
2.088889
0.255319
0.315789
2.950000
1.729730
0.181818
0.184211
0.113636
0.435897
2.078947
0.682927
0.326087
0.750000
2.108696
1.820513
1.488889
0.400000
0.276596
0.285714
0.400000
0.236842
0.272727
0.294118
0.442308
0.152174
0.333333
0.538462
0.717949
0.355556
0.529412
0.583333
1.000000
0.263158
0.255814
0.538462
1.121212
0.375000
0.257143
0.200000
1.071429
0.212121
1.454545
0.142857
0.621622
0.297297
8.103448
1.655172
0.135135
0.239130
0.333333
0.885714
1.264706
1.170732
0.921053
1.513514
1.100000
2.540541
0.355556
0.279070
0.925926
1.219512
1.279070
1.289474
0.211538
0.673913
0.918919
1.214286
0.780488
0.692308
1.820513
0.875000
1.043478
1.274510
1.475000
1.372093
1.377778
0.351351
1.282051
0.923077
0.761905
2.324324
1.918919
0.315789
0.531915
0.717949
1.243902
1.125000
1.162162
1.045455
1.600000
0.851064
0.547619
0.725000
0.279070
1.354167
0.487805
0.666667
1.444444
0.840909
0.447368
0.439024
0.365854
0.850000
0.886364
1.250000
0.341463
0.791667
0.311111
1.603774
1.692308
1.686275
1.500000
3.325581
2.102041
0.880952
1.636364
2.404255
0.651163
1.590909
1.108696
1.461538
0.904762
1.482759
1.030303
0.317073
0.512821
3.204082
1.648649
1.854167
1.447368
2.326087
1.333333
0.076923
0.341463
0.525000
0.673913
2.457143
1.270270
2.263158
2.000000
0.447368
0.354167
0.297297
3.595238
2.950000
2.230769
1.048780
0.854167
0.673469
1.250000
1.687500
0.948718
0.325581
0.666667
0.439024
1.409091
2.409091
0.488889
0.921053
1.390244
2.282051
0.315789
0.674419
0.514286
0.232558
0.375000
0.767442
0.473684
0.120000
0.466667
0.489362
0.794118
0.085106
0.266667
0.425532
1.628571
0.439024
0.428571
0.771429
0.138889
0.073171
0.964286
0.432432
0.358974
0.176471
0.862069
6.783784
1.588235
0.279070
0.161290
0.064516
2.542857
1.636364
0.568182
1.956522
3.476190
1.677419
1.461538
1.000000
1.775510
1.608696
1.157895
0.688889
1.022727
1.322581
1.863636
1.600000
1.600000
1.230769
1.837209
1.452381
1.720930
1.977778
1.377778
1.173913
1.738095
1.170732
2.611111
2.307692
0.838710
1.578947
0.516129
1.214286
0.357143
0.446809
0.666667
0.681818
1.204545
2.148936
1.255319
1.421053
1.000000
1.225000
0.452381
0.309524
0.147059
0.274510
0.450000
0.978723
0.681818
0.275000
0.822222
0.900000
1.847826
2.400000
0.979592
0.500000
0.456522
0.717949
0.108108
0.444444
1.069767
0.347826
1.292683
0.142857
1.120000
0.850000
0.750000
2.176471
0.146341
2.529412
1.320755
1.620000
0.434783
0.767442
4.936170
0.291667
0.617647
1.204545
1.945946
0.875000
2.723404
1.590909
0.862745
0.469388
0.630435
1.864865
0.500000
0.179487
0.378378
0.212121
0.575000
0.500000
1.000000
1.675676
1.210526
1.775000
1.342105
2.145833
1.076923
0.891304
1.333333
0.837209
2.957447
1.325000
0.540541
1.166667
1.285714
1.853659
0.543478
0.707317
1.571429
2.452381
1.954545
0.681818
0.595745
0.285714
1.725000
0.534884
2.781250
1.591837
0.250000
0.340909
0.243902
0.674419
0.891892
1.282609
0.717391
0.302326
0.230769
0.595745
0.574468
0.457143
0.622222
1.281250
0.166667
0.227273
0.476190
0.387097
0.275000
0.214286
0.600000
1.258065
1.606061
0.176471
0.205128
0.432432
0.371429
2.307692
0.658537
1.282051
0.500000
1.400000
1.666667
1.062500
0.676471
1.853659
3.024390
0.583333
1.116279
1.833333
0.533333
0.568182
1.516129
0.243243
1.977778
3.305556
1.276596
1.386364
1.450000
0.744186
1.266667
1.093023
1.127660
1.586957
1.255319
0.170732
0.297297
0.780488
0.818182
1.738095
1.634146
0.800000
0.500000
2.409091
0.950000
0.609756
2.622222
1.465116
0.326087
0.581395
0.891304
0.216216
0.351351
0.358974
1.660000
0.444444
0.214286
0.500000
2.409091
2.541667
0.470588
0.071429
0.795455
1.265306
1.268293
0.490196
1.615385
0.520833
0.086957
1.897959
0.976744
1.478261
1.416667
1.903846
2.222222
1.229167
0.652174
1.382979
1.860465
5.291667
0.866667
1.574468
2.217391
1.279070
0.625000
0.487805
1.272727
0.407407
0.654545
0.454545
4.636364
2.567568
2.818182
0.694444
0.465116
3.566038
4.770833
0.902439
1.000000
1.653061
1.186047
3.981481
2.240000
1.613636
0.978261
0.750000
1.285714
1.937500
1.232558
0.791667
0.363636
0.210526
0.390244
0.333333
1.520833
1.000000
0.933333
2.244444
2.452381
0.487805
0.395833
1.139535
1.465116
2.695652
0.465116
0.714286
1.200000
0.590909
1.333333
1.600000
0.441860
0.448980
0.828571
0.108696
0.333333
0.317073
0.367347
0.023810
0.567568
0.361111
0.425000
0.975000
0.720000
0.184211
0.242424
0.487805
1.081081
0.046512
0.875000
1.530612
0.108108
0.852941
1.090909
2.024390
3.454545
1.785714
2.363636
1.140000
0.837209
1.720930
1.065217
1.697674
0.955556
0.318182
0.650000
2.478261
3.048780
1.186047
1.520000
0.975000
0.400000
1.133333
1.354167
1.240000
1.400000
1.688889
1.361702
1.545455
0.850000
1.333333
1.441860
1.000000
1.644444
1.191489
1.216216
0.260870
0.463415
0.347826
0.923077
0.875000
3.000000
0.297872
1.500000
0.866667
0.333333
1.045455
0.186047
0.314286
1.239130
1.545455
1.695652
0.780488
0.450000
0.604167
0.456522
1.680000
2.333333
1.020408
0.581395
3.653061
0.285714
0.717391
0.342105
0.863636
0.325000
1.849057
1.488372
1.021277
1.962963
0.170732
2.636364
0.756098
0.177778
2.441860
0.877551
1.288889
2.309091
1.404762
2.276596
2.300000
0.441860
0.319149
1.190476
1.744186
2.190476
0.526316
0.846154
1.131579
2.317073
0.875000
1.111111
3.782609
3.000000
2.441860
0.425000
0.575000
1.051282
1.181818
1.207547
1.365385
1.636364
0.936170
0.738095
0.447368
0.800000
2.025641
1.238095
1.409091
1.360000
0.702128
1.891304
2.361702
1.413043
2.142857
1.666667
0.666667
1.268293
1.482759
2.976190
1.023256
2.725000
1.897436
0.400000
0.371429
1.600000
1.428571
0.441860
0.945946
2.023256
0.317073
0.844444
1.304348
1.486486
0.147059
0.918919
0.962963
1.023256
0.454545
0.226415
0.489362
1.024390
0.548387
0.708333
0.204545
0.255814
0.425000
2.289474
0.404762
0.264706
0.232558
0.619048
0.200000
0.115385
1.026316
0.970588
0.555556
2.324324
1.500000
0.459459
0.520833
1.525000
2.658537
0.960784
2.000000
1.822222
1.238095
1.181818
1.692308
1.384615
1.525000
0.976190
1.769231
1.302326
0.694444
1.957447
0.888889
2.023256
2.125000
0.974359
0.586957
0.952381
0.857143
0.860465
0.650000
2.000000
0.325000
0.844444
1.318182
1.456522
1.897959
2.177778
1.895833
0.760870
0.469388
0.500000
1.973684
0.208333
1.184211
1.585366
1.186047
0.119048
0.395349
0.171429
0.371429
0.382353
0.567568
1.571429
0.625000
2.791667
1.177778
0.425532
0.295455
0.700000
0.720000
0.785714
0.692308
0.463415
1.157895
1.708333
2.254902
2.090909
0.352941
0.276596
1.464286
1.440000
0.772727
1.618182
0.208333
0.340909
1.904762
1.250000
2.216216
1.053571
0.837209
1.886792
2.585366
0.588235
2.239130
1.750000
0.264151
1.377778
3.113208
0.975000
1.264706
1.195122
1.875000
0.552632
0.232558
0.978723
1.744186
1.940000
1.000000
1.255814
0.895833
1.580000
1.350000
1.150000
1.511628
0.847826
1.195652
0.833333
1.575000
0.740000
0.694444
0.705882
0.461538
0.181818
0.916667
1.950000
0.175000
0.564103
0.277778
0.378378
0.150000
0.812500
0.526316
0.242424
0.282051
0.828571
1.000000
1.847826
0.926829
1.716981
2.294118
2.545455
2.046512
1.214286
1.187500
1.595238
2.000000
1.589744
1.027027
1.416667
2.297297
1.103448
1.155556
0.650000
3.162162
2.000000
0.944444
3.000000
1.760870
2.000000
2.130435
2.395349
0.574468
1.254545
1.750000
2.702703
0.790698
1.512821
0.775510
1.541667
2.318182
0.872340
3.488889
0.333333
0.612245
1.048780
0.236842
0.625000
0.257143
0.454545
0.291667
0.840000
1.977273
0.367347
3.877551
0.096154
1.195652
2.265306
0.048780
1.666667
1.422222
1.346939
0.117647
0.243902
2.370370
0.674419
0.666667
1.415094
1.220000
1.613636
2.000000
1.148936
1.413043
0.264706
0.216216
0.621622
2.547170
3.627451
1.459459
1.341463
1.476190
0.648649
0.357143
0.750000
1.150000
1.341463
0.137255
0.823529
0.918367
1.238095
0.888889
2.945455
1.693878
0.586957
1.511111
0.833333
1.209302
0.953488
1.816327
0.686275
0.625000
2.500000
0.707317
1.130435
0.340909
0.456522
0.727273
0.311111
0.439024
0.234043
1.245614
1.340909
0.421053
0.250000
0.212766
0.255319
1.228571
0.414634
0.708333
0.764706
1.000000
0.303030
0.450000
0.800000
1.303030
0.205128
0.777778
0.722222
0.384615
1.351351
1.250000
0.555556
0.750000
1.297872
1.625000
2.410256
1.490566
2.235294
0.886792
1.409091
0.680851
1.130435
1.604651
1.500000
1.148936
1.355556
1.456522
0.789474
1.243902
0.956522
2.122449
2.000000
1.428571
0.844444
1.044444
0.953488
0.878049
0.868421
0.512821
0.071429
0.228571
1.153846
1.488889
1.360000
0.324324
0.350000
0.500000
0.825000
0.836735
1.918367
0.446809
0.456522
0.409091
0.266667
1.333333
1.355556
1.333333
0.571429
0.653846
0.956522
0.230769
0.954545
1.883333
0.973684
1.468085
2.340426
2.346939
1.913043
2.428571
1.000000
0.300000
1.666667
2.452830
2.650000
