-2.215686
-1.708333
-1.405405
-0.868421
-0.621622
-2.131579
-1.780488
-2.195652
-3.000000
-3.631579
-4.535714
-3.377778
-0.833333
-1.256410
-1.975610
-3.300000
-2.065217
-1.225000
-1.088889
-0.950000
-1.239130
-1.254237
-0.673077
-0.461538
-0.358974
-1.641026
-1.250000
-0.537037
-0.413043
-0.555556
-0.142857
-0.954545
-1.179487
-0.095238
-0.432432
-0.294118
-1.636364
-0.717391
-0.323529
-0.027778
-0.159091
-2.021277
-2.244898
-1.977273
-0.275000
-0.540541
-0.581395
-1.393939
-1.466667
-1.225000
-0.256410
-0.073171
-0.333333
-1.285714
-1.069767
-1.794872
-0.393939
-0.525000
-1.558140
-1.500000
-0.317073
-0.192308
-0.270270
-2.860000
-1.809524
-1.581395
-0.433333
-2.069767
-3.186047
-2.456522
-0.156250
-3.023810
-2.200000
-2.139535
-1.193548
-0.562500
-1.243902
-2.272727
-1.363636
-0.205128
-1.170213
-1.666667
-1.236842
-0.324324
-0.406250
-2.575758
-1.315789
-1.277778
-0.605263
-0.230769
-0.171429
-0.605263
-0.857143
-1.090909
-0.395349
-0.638889
-0.600000
-0.256410
-1.044444
-2.146341
-0.900000
-0.146341
-1.295455
-1.400000
-1.365385
-0.394737
-0.083333
-0.756757
-0.750000
-0.478261
-0.441860
-0.405405
-0.473684
-1.386364
-0.583333
-1.020408
-0.534884
-0.189189
-0.309524
-0.534884
-0.540541
-0.744681
-0.880952
-0.230769
-0.527778
-0.431818
-0.377778
-1.000000
-0.297872
-0.512821
-0.292683
-0.600000
-0.435897
-0.232558
-0.794872
-1.042553
-0.152174
-0.285714
-0.666667
-0.666667
-1.147059
-1.333333
-0.191489
-2.594595
-1.756098
-0.431818
-0.175000
-0.978261
-0.236842
-0.191489
-1.018182
-0.475000
-0.093023
-0.780488
-2.170732
-1.195122
-1.651163
-1.125000
-1.571429
-1.576923
-0.853659
-1.979592
-1.580000
-2.487805
-0.666667
-2.800000
-3.275000
-2.046512
-1.000000
-1.400000
-1.000000
-0.613636
-0.461538
-1.022727
-0.693878
-0.951220
-0.957447
-1.255814
-0.976190
-0.186047
-1.333333
-0.729167
-2.360000
-1.977778
-2.537037
-0.272727
-0.877551
-1.820000
-1.238095
-1.218182
-0.807692
-0.608696
-0.608696
-1.406250
-1.406250
-0.310345
-0.310345
-0.285714
-0.285714
-0.512195
-0.512195
-0.195122
-0.195122
-0.147059
-0.147059
-0.745098
-0.745098
-0.526316
-0.526316
-0.767442
-0.767442
-0.583333
-0.583333
-0.297297
-0.285714
-0.297297
-0.285714
-0.232558
-0.500000
-0.232558
-0.500000
-0.512821
-0.512821
-0.441860
-0.441860
-0.170732
-0.547619
-0.547619
-0.170732
-0.685714
-0.157895
-0.685714
-0.157895
-0.272727
-0.272727
-0.422222
-0.422222
-0.378378
-0.378378
-1.000000
-1.000000
-0.775000
-0.775000
-1.000000
-1.000000
-0.694444
-0.694444
-0.439024
-0.769231
-0.439024
-0.769231
-0.459459
-0.459459
-0.718750
-0.295455
-0.718750
-0.295455
-0.909091
-0.909091
-0.705882
-0.705882
-0.711538
-0.711538
-1.000000
-1.000000
-0.803922
-0.803922
-1.240000
-1.240000
-1.357143
-1.357143
-0.719298
-0.618182
-0.719298
-0.618182
-0.571429
-1.065217
-0.571429
-1.065217
-0.850000
-1.021277
-0.850000
-1.088889
-1.021277
-1.088889
-0.468085
-0.608696
-0.608696
-0.760000
-0.690476
-0.512821
-0.760000
-0.255319
-0.468085
-0.296296
-0.415094
-0.690476
-0.512821
-0.255319
-0.296296
-0.415094
-0.595238
-0.595238
-0.666667
-0.155556
-0.592593
-0.444444
-0.400000
-0.380952
-0.094340
-0.261905
-0.666667
-0.658537
-0.642857
-0.044444
-0.235294
-0.833333
-0.333333
-0.586957
-0.928571
-0.612245
-1.301887
-1.085106
-0.976744
-1.085106
-0.384615
-0.487805
-0.400000
-0.214286
-0.176471
-0.466667
-0.447368
-0.431818
-0.577778
-0.421053
-0.568182
-1.291667
-0.666667
-0.416667
-0.560976
-0.404762
-0.575000
-0.272727
-0.150000
-0.090909
-0.666667
-0.281250
-0.404762
-0.513514
-0.393939
-0.212121
-0.500000
-0.413043
-0.425532
-0.137255
-0.696429
-0.422222
-0.743590
-0.673469
-0.274510
-0.750000
-0.533333
-0.707317
-0.882353
-0.372093
-1.153846
-0.441860
-0.863636
-0.194444
-0.380952
-0.093750
-0.151515
-0.416667
-0.340426
-0.684211
-0.418605
-0.980392
-0.910714
-1.000000
-0.585366
-0.232558
-1.053571
-0.864865
-0.431818
-1.557692
-1.104167
-0.500000
-0.878049
-0.700000
-0.369565
-0.750000
-0.959184
-1.260870
-1.380952
-0.425532
-0.551020
-0.865385
-0.571429
-0.431373
-1.080000
-0.666667
-0.155556
-0.592593
-0.444444
-0.714286
-0.044444
-0.235294
-0.833333
-0.333333
-0.928571
-0.612245
-1.301887
-3.946429
-3.066667
-1.058824
-0.241379
-2.135135
-1.490909
-0.128205
-0.244444
-2.043478
-3.333333
-0.800000
-1.075000
-1.046512
-0.866667
-0.408163
-0.852941
-0.315789
-0.652174
-1.900000
-2.522727
-0.500000
-0.326087
-0.128205
-0.250000
-0.090909
-0.277778
-1.093023
-1.456522
-0.186047
-0.550000
-0.153846
-0.384615
-1.489796
-3.244444
-1.303030
-1.521739
-0.210526
-0.204545
-0.155556
-1.340426
-1.815789
-0.050000
-0.621622
-3.318182
-1.789474
-1.840909
-0.948718
-0.157895
-1.487805
-1.478261
-0.818182
-0.369565
-0.128205
-0.911111
-0.800000
-1.574468
-2.642857
-0.742857
-3.710526
-2.613636
-1.264706
-2.307692
-2.543478
-0.484848
-0.423077
-1.435897
-2.222222
-0.441176
-1.055556
-1.111111
-3.000000
-1.744186
-0.346154
-0.424242
-1.375000
-1.857143
-1.400000
-0.321429
-0.454545
-0.030303
-1.542857
-1.702703
-0.540541
-0.827586
-0.172414
-0.729730
-0.891304
-1.033333
-0.200000
-0.705882
-0.317073
-0.684211
-0.972973
-1.250000
-0.189189
-1.622222
-1.139535
-0.907407
-0.609756
-0.441860
-0.473684
-1.211538
-1.086957
-0.189189
-0.309524
-0.219512
-0.461538
-0.230769
-0.625000
-1.000000
-1.235294
-0.775000
-1.000000
-0.800000
-1.027027
-0.435897
-1.000000
-0.642857
-0.945946
-1.729730
-0.447368
-0.659574
-0.512821
-0.121951
-0.343750
-0.270270
-0.431818
-0.175000
-0.404255
-0.523810
-1.025000
-0.511628
-1.104167
-0.658537
-1.416667
-0.888889
-0.431818
-2.184211
-2.170732
-1.195122
-2.250000
-0.340909
-1.576923
-2.487805
-1.937500
-2.777778
-0.943396
-1.538462
-1.000000
-0.976190
-0.186047
-0.612245
-2.047619
-0.272727
-0.595745
-0.232558
-0.681818
-0.869565
-0.750000
-0.333333
-0.206897
-0.060606
-1.048780
-1.051282
-0.489796
-0.594595
-0.708333
-0.473684
-0.369565
-0.155556
-2.076923
-0.951220
-1.250000
-0.304348
-0.228571
-0.162162
-0.026316
-0.136364
-0.605263
-2.229167
-1.351351
-0.095238
-0.350000
-0.333333
-0.243902
-0.916667
-1.163265
-0.194444
-0.125000
-0.153846
-1.279070
-1.076923
-1.317073
-0.409091
-0.363636
-1.111111
-0.500000
-0.975610
-0.641026
-1.447368
-2.674419
-0.857143
-1.627907
-2.200000
-2.767442
-0.657895
-2.560000
-3.666667
-1.936170
-0.264706
-2.765957
-1.955556
-1.468085
-0.485714
-1.658537
-0.171429
-0.200000
-1.555556
-1.463415
-0.392857
-0.972973
-0.769231
-0.823529
-0.137931
-0.189189
-0.088235
-0.627907
-1.548387
-0.483871
-0.314286
-0.606061
-0.727273
-0.717391
-0.190476
-0.193548
-0.358974
-1.210526
-1.673469
-0.347826
-0.052632
-0.822222
-0.181818
-0.548387
-0.522727
-0.175000
-0.400000
-0.256410
-0.395349
-0.452381
-0.883721
-0.111111
-0.422222
-0.369565
-0.190476
-1.317073
-0.250000
-0.435897
-1.193548
-0.421053
-1.354839
-0.547619
-0.619048
-1.574468
-0.823529
-0.363636
-0.250000
-0.765957
-0.531915
-1.052632
-0.882353
-1.250000
-0.404762
-1.000000
-0.735294
-1.450980
-1.725000
-0.489362
-0.227273
-2.825000
-1.177778
-1.475000
-0.347826
-0.200000
-0.469388
-5.071429
-1.804348
-0.641026
-1.945946
-1.955556
-1.000000
-1.652174
-1.585366
-0.628571
-1.100000
-2.600000
-2.777778
-0.862745
-3.487805
-0.450980
-0.641509
-0.600000
-1.217391
-2.046512
-0.297872
-1.166667
-2.117647
-0.681818
-0.513514
-1.150000
-0.510638
-0.250000
-1.078431
-1.408163
-2.108696
-2.000000
-0.526316
-0.769231
-0.864865
-0.575758
-1.125000
-1.166667
-0.352941
-0.027027
-0.105263
-0.300000
-1.052632
-0.562500
-0.333333
-0.630435
-0.370370
-0.558140
-0.234043
-0.875000
-0.162162
-0.166667
-0.342857
-0.268293
-0.565217
-0.219512
-0.142857
-0.714286
-0.340909
-0.977273
-1.212766
-1.673469
-0.250000
-1.209302
-0.437500
-0.571429
-1.477273
-1.681818
-1.878049
-1.069767
-1.351351
-0.891304
-1.695652
-0.720930
-1.025641
-1.936170
-2.978723
-0.371429
-3.000000
-0.343750
-1.083333
-1.909091
-1.547619
-0.258065
-1.300000
-1.523810
-1.233333
-0.290323
-0.272727
-1.558824
-1.871795
-0.918919
-0.685714
-0.807692
-0.512195
-0.256410
-1.763158
-0.350000
-0.076923
-1.250000
-0.411765
-0.560976
-0.219512
-0.979167
-0.465116
-0.404762
-0.777778
-0.840909
-0.580645
-1.108108
-0.600000
-0.138889
-0.404255
-0.545455
-0.250000
-0.488372
-0.900000
-0.837209
-0.574468
-0.586957
-1.127660
-1.073171
-0.918919
-1.024390
-0.454545
-1.000000
-0.243902
-0.050000
-0.343750
-1.613636
-2.025000
-0.634146
-0.244444
-0.465116
-0.391304
-2.813953
-1.369565
-1.351351
-1.810811
-1.692308
-0.980000
-1.111111
-1.547619
-2.108696
-0.795455
-0.791667
-1.803922
-2.047619
-0.363636
-0.693878
-0.853659
-3.529412
-1.788462
-1.333333
-3.413043
-0.387755
-0.558140
-1.086957
-0.833333
-0.384615
-0.370370
-1.270833
-1.173913
-0.723404
-0.255814
-0.229167
-1.200000
-1.021277
-0.260870
-0.255814
-1.854167
-1.121951
-1.250000
-1.925926
-2.472727
-4.254545
-0.490909
-0.297297
-0.227273
-0.805556
-0.511628
-0.358491
-0.270833
-0.195122
-0.500000
-1.591837
-0.558140
-0.722222
-0.720000
-0.522727
-0.282609
-0.250000
-0.714286
-0.729167
-0.697674
-0.687500
-0.840909
-0.473684
-1.000000
-1.355556
-0.229167
-0.425000
-1.133333
-0.355556
-0.214286
-0.536585
-0.854167
-0.534884
-0.139535
-0.891304
-2.232558
-0.551020
-0.125000
-0.704545
-0.547619
-1.288889
-1.813953
-2.102041
-0.657143
-3.000000
-1.380952
-0.634146
-1.714286
-3.261905
-0.621622
-2.361111
-1.825000
-0.200000
-1.900000
-2.026316
-0.575758
-0.390244
-0.729730
-1.813953
-0.468750
-0.306122
-1.972973
-0.382353
-0.568182
-0.390244
-0.204545
-0.190476
-0.295455
-0.900000
-0.604651
-0.348837
-0.500000
-0.511628
-0.422222
-1.272727
-0.900000
-0.413043
-0.975610
-0.511628
-0.420000
-0.500000
-0.800000
-0.377778
-0.687500
-1.000000
-0.488889
-0.666667
-1.063830
-0.409091
-0.225000
-0.644444
-0.325581
-0.527778
-0.622222
-0.638298
-0.837838
-0.956522
-1.707317
-1.347826
-0.102564
-0.350000
-1.312500
-1.978723
-0.368421
-1.133333
-0.897436
-1.272727
-1.325581
-1.285714
-0.521739
-0.886364
-1.543478
-0.804878
-0.850000
-1.791667
-1.804348
-0.820000
-1.543860
-0.285714
-2.255814
-0.653061
-5.244898
-1.000000
-0.210526
-0.386364
-0.825000
-2.226415
-1.720930
-1.893617
-0.944444
-2.853659
-0.509091
-1.512195
-2.422222
-0.465116
-2.551020
-0.600000
-0.509091
-1.119048
-0.276596
-0.260000
-1.093023
-2.191489
-0.571429
-0.209302
-0.261905
-0.868421
-0.205128
-0.421053
-0.170732
-0.300000
-1.088889
-0.369565
-0.195122
-0.279070
-0.750000
-1.025000
-0.871795
-0.250000
-0.773585
-0.576923
-0.681818
-0.489362
-0.571429
-0.947368
-1.250000
-0.589744
-0.238095
-1.340909
-0.780000
-0.914894
-0.239130
-0.340426
-0.369565
-0.514286
-0.305556
-1.261905
-0.268293
-0.413793
-0.261905
-0.348837
-0.300000
-0.410256
-0.577778
-0.571429
-0.488889
-0.523810
-0.720930
-0.378378
-0.395349
-1.170732
-1.822222
-0.478261
-0.486486
-0.970588
-0.459459
-1.462963
-1.046512
-0.272727
-3.547170
-0.702128
-1.292683
-0.483871
-0.041667
-1.363636
-2.162791
-0.875000
-1.763158
-1.547619
-0.794118
-0.651163
-1.285714
-0.366667
-1.076923
-0.552632
-0.235294
-0.305556
-0.216216
-0.142857
-0.486486
-1.000000
-0.075000
-0.658537
-1.215686
-0.811321
-0.111111
-0.190476
-0.409091
-0.730769
-0.538462
-0.175000
-0.523810
-0.794872
-0.860465
-0.611111
-0.723404
-0.844444
-0.511628
-0.600000
-1.179487
-1.021739
-0.857143
-1.166667
-0.302326
-0.975000
0.000000
-0.350000
-0.866667
-0.318182
-0.369565
-0.244898
-0.222222
-1.916667
-1.260870
-1.693878
-0.857143
-0.131579
-1.375000
-0.368421
-0.170732
-0.813953
-2.023810
-2.302326
-2.000000
-1.371429
-0.705882
-1.648649
-1.081633
-1.270833
-0.916667
-0.311111
-1.000000
-3.704545
-3.425000
-1.860000
-0.952381
-0.871795
-1.195122
-1.289474
-1.020833
-1.431373
-1.527273
-3.549020
-1.702128
-1.571429
-0.940000
-2.022727
-0.763636
-2.333333
-2.886364
-1.214286
-0.375000
-0.918919
-1.607143
-0.674419
-0.792453
-0.317073
-1.745098
-0.217391
-2.288462
-1.716981
-0.688889
-0.528302
-0.500000
-0.117647
-0.219512
-0.175000
-0.842105
-1.232558
-0.510638
-0.186047
-0.260000
-0.324324
-0.279070
-0.375000
-0.900000
-0.275000
-0.975000
-0.418605
-0.978261
-0.869565
-0.761905
-0.500000
-0.620000
-0.666667
-0.823529
-0.487179
-0.318182
-0.583333
-1.025000
-0.925000
-1.076923
-1.083333
-0.594595
-1.100000
-0.437500
-0.684211
-0.090909
-0.410256
-0.914286
-0.071429
-0.500000
-0.439024
-0.509434
-0.431373
-0.227273
-0.116279
-0.690476
-0.437500
-0.404762
-0.565217
-1.153846
-1.108108
-0.805556
-0.135135
-0.206897
-0.644444
-0.725000
-0.243243
-0.266667
-0.222222
-0.152174
-0.521739
-1.269231
-0.391304
-0.372093
-0.638298
-1.418182
-1.204545
0.000000
-0.209302
-0.974359
-2.510204
-0.708333
-0.090909
-0.234043
-0.666667
-3.176471
-1.734694
-0.536585
-2.184211
-1.700000
-1.942857
-1.818182
-1.520833
-1.020000
-1.500000
-2.346939
-1.040816
-3.711538
-0.934783
-1.489796
-2.048780
-1.500000
-1.311111
-0.714286
-4.313725
-0.682927
-0.370370
-2.000000
-0.958333
-1.433962
-1.240000
-0.363636
-0.388889
-0.468085
-0.782609
-0.441176
-0.270270
-0.567568
-0.490566
-0.490196
-0.189189
-0.341463
-0.857143
-0.675676
-1.047619
-0.700000
-0.600000
-0.048780
-1.039216
-1.058824
-0.469388
-0.071429
-0.600000
-0.600000
-0.326531
-0.782609
-0.977778
-0.750000
-0.488372
-0.232558
-0.571429
-1.176471
-1.166667
-1.068182
-2.170732
-0.847826
-1.840909
-0.804348
-0.795455
-2.800000
-1.219512
-2.085106
-1.228070
-1.363636
-1.578947
-0.727273
-1.744681
-1.574468
-0.428571
-2.170732
-1.750000
-0.058824
-0.411765
-0.060606
-2.250000
-0.485714
-0.151515
-2.538462
-0.822222
-0.555556
-1.641026
-0.216216
-0.222222
-0.592593
-0.727273
-0.170213
-0.475000
-0.717949
-0.830189
-0.235294
-0.207547
-0.340909
-0.659574
-0.695652
-0.209302
-0.227273
-0.148936
-0.533333
-0.608696
-0.263158
-0.439024
-0.260870
-0.816327
-0.895833
-0.653061
-1.000000
-1.066667
-0.604651
-0.536585
-0.473684
-1.512821
-1.714286
-1.628571
-0.948718
-0.444444
-0.260000
-0.459459
-0.850000
-1.676471
-1.525000
-2.979592
-0.938776
-1.319149
-1.391304
-2.068182
-1.288889
-0.309524
-0.266667
-0.761905
-1.095238
-1.000000
-2.065217
-3.025641
-1.113636
-0.633333
-1.710526
-0.957447
-0.765957
-0.591837
-0.608696
-0.904762
-0.340426
-2.200000
-1.027778
-0.207547
-0.050000
