0.725490
0.916667
1.297297
1.105263
1.864865
1.026316
0.634146
0.369565
0.480769
0.578947
1.071429
0.377778
1.777778
1.948718
1.073171
0.925000
0.608696
0.950000
0.911111
1.675000
1.391304
0.406780
0.865385
2.641026
1.589744
0.897436
0.636364
0.907407
1.478261
1.166667
2.061224
1.409091
0.615385
1.142857
1.135135
1.137255
1.000000
0.673913
1.411765
0.972222
2.613636
0.893617
0.571429
0.795455
1.075000
1.378378
1.279070
1.818182
1.822222
1.125000
1.923077
1.024390
2.062500
1.809524
1.093023
1.230769
1.545455
1.375000
0.558140
1.131579
1.902439
1.269231
1.675676
0.920000
1.976190
1.093023
1.866667
1.488372
1.186047
0.804348
2.875000
0.952381
1.044444
1.674419
1.032258
2.250000
0.731707
1.613636
1.022727
1.051282
1.212766
1.750000
1.078947
1.621622
2.000000
2.121212
1.052632
1.138889
2.447368
2.461538
2.600000
1.026316
1.261905
1.787879
1.046512
1.388889
1.911111
2.846154
1.022222
0.829268
1.580000
2.292683
0.750000
0.800000
0.673077
1.394737
2.083333
1.972973
2.208333
1.521739
1.372093
2.054054
1.710526
0.954545
1.666667
2.163265
1.744186
1.648649
1.785714
2.093023
2.459459
1.276596
1.595238
2.666667
1.888889
2.318182
0.822222
2.232558
1.361702
0.923077
1.707317
0.933333
2.282051
1.697674
2.230769
1.829787
1.695652
1.619048
1.641026
2.212121
1.147059
1.177778
1.382979
0.972973
1.560976
2.500000
0.975000
2.630435
2.289474
1.127660
2.290909
1.625000
1.837209
3.243902
1.000000
1.146341
1.651163
1.575000
1.244898
2.211538
1.756098
1.469388
1.360000
2.585366
1.538462
0.650000
0.925000
1.627907
1.000000
1.377778
1.450980
2.181818
1.897436
1.409091
1.653061
1.829268
2.106383
2.302326
1.547619
0.744186
1.111111
2.916667
1.200000
1.177778
1.111111
2.272727
1.897959
5.820000
3.500000
4.709091
6.173077
1.065217
1.065217
1.406250
1.406250
1.862069
1.862069
2.457143
2.457143
0.902439
0.902439
1.731707
1.731707
1.205882
1.205882
0.666667
0.666667
1.236842
1.236842
1.441860
1.441860
4.027778
4.027778
1.081081
0.942857
1.081081
0.942857
3.534884
1.404762
3.534884
1.404762
1.076923
1.076923
1.744186
1.744186
3.195122
1.214286
1.214286
3.195122
1.628571
1.973684
1.628571
1.973684
1.295455
1.295455
1.755556
1.755556
3.648649
3.648649
1.833333
1.833333
2.625000
2.625000
0.794872
0.794872
1.166667
1.166667
1.512195
1.000000
1.512195
1.000000
1.324324
1.324324
1.781250
1.727273
1.781250
1.727273
0.886364
0.886364
1.176471
1.176471
0.596154
0.596154
1.171429
1.171429
1.823529
1.823529
1.100000
1.100000
0.500000
0.500000
0.649123
1.563636
0.649123
1.563636
1.346939
1.108696
1.346939
1.108696
1.900000
0.872340
1.900000
1.444444
0.872340
1.444444
1.893617
0.782609
0.782609
1.800000
2.047619
1.256410
1.800000
1.191489
1.893617
2.666667
1.000000
2.047619
1.256410
1.191489
2.666667
1.000000
2.500000
2.500000
2.384615
1.644444
0.870370
1.111111
1.100000
1.071429
1.471698
1.666667
1.230769
2.317073
3.214286
2.088889
1.607843
1.250000
2.119048
0.760870
1.000000
2.224490
1.377358
1.936170
1.674419
1.936170
1.512821
1.000000
1.600000
0.952381
0.843137
1.244444
2.236842
1.386364
0.666667
0.657895
1.159091
1.479167
1.196078
0.750000
1.487805
1.714286
2.250000
2.121212
2.800000
1.068182
0.375000
3.750000
0.547619
2.000000
2.030303
1.696970
1.464286
1.304348
1.553191
0.647059
0.928571
1.800000
0.589744
0.591837
1.078431
0.607143
1.644444
0.487805
0.941176
1.209302
1.461538
1.860465
2.363636
3.583333
1.166667
1.625000
1.878788
1.666667
2.680851
2.184211
0.976744
0.333333
0.321429
1.261905
2.048780
2.209302
1.142857
1.378378
1.954545
1.615385
2.291667
0.660714
1.365854
1.000000
1.152174
0.729167
1.020408
1.847826
2.000000
0.744681
0.897959
1.865385
1.771429
0.862745
1.200000
2.384615
1.644444
0.870370
1.111111
0.734694
2.088889
1.607843
1.250000
2.119048
1.000000
2.224490
1.377358
0.607143
1.711111
1.647059
1.241379
0.729730
0.709091
2.487179
3.000000
1.652174
1.282051
2.171429
0.725000
1.441860
1.244444
1.020408
1.647059
1.973684
1.478261
0.620000
0.863636
0.519231
1.065217
1.589744
1.062500
1.666667
2.166667
1.000000
0.782609
0.790698
0.925000
1.282051
1.564103
1.061224
0.755556
1.151515
1.326087
1.973684
2.045455
1.888889
1.063830
1.421053
1.225000
1.567568
1.772727
1.368421
1.363636
1.846154
1.342105
1.731707
1.673913
0.568182
1.478261
1.487179
1.000000
2.575000
1.468085
1.166667
1.685714
1.315789
0.522727
1.382353
1.500000
1.304348
1.515152
1.538462
1.794872
1.355556
1.352941
0.833333
1.638889
1.921053
1.116279
4.346154
1.393939
2.525000
1.085714
1.625000
2.428571
3.606061
2.333333
1.714286
0.945946
1.567568
0.689655
2.413793
1.216216
1.565217
1.300000
1.571429
2.323529
2.439024
3.342105
1.837838
1.200000
1.405405
1.533333
1.162791
1.277778
2.243902
1.372093
1.710526
1.230769
1.217391
1.648649
1.785714
1.487805
2.615385
2.666667
1.531250
1.260870
1.098039
1.925000
2.232558
0.622222
1.810811
2.282051
1.717949
1.309524
2.135135
1.135135
3.736842
1.297872
1.000000
1.804878
1.343750
2.243243
2.500000
0.975000
1.106383
1.523810
2.250000
1.744186
1.000000
3.658537
1.520833
2.377778
3.022727
1.394737
1.000000
1.146341
1.400000
2.613636
2.211538
2.585366
1.208333
1.755556
1.283019
0.820513
1.450980
1.547619
0.744186
1.571429
2.952381
2.272727
0.468085
2.186047
1.113636
1.456522
1.173077
1.214286
0.827586
1.303030
1.560976
1.102564
0.734694
0.837838
0.895833
2.105263
1.630435
1.888889
0.974359
0.926829
0.925000
1.239130
0.628571
1.567568
1.131579
1.454545
1.078947
0.770833
1.324324
0.952381
1.575000
1.641026
1.292683
1.333333
0.857143
0.944444
1.541667
1.256410
1.441860
1.435897
1.024390
1.181818
0.772727
0.666667
1.578947
1.000000
1.102564
0.947368
0.953488
1.371429
1.255814
1.125000
1.465116
1.315789
1.480000
0.777778
0.808511
1.382353
1.659574
1.555556
1.212766
1.200000
0.780488
3.885714
1.200000
1.305556
0.926829
3.535714
1.297297
1.230769
1.294118
1.793103
1.513514
2.294118
1.372093
2.838710
2.290323
2.085714
1.696970
1.818182
0.826087
1.380952
2.032258
1.025641
1.236842
0.816327
0.826087
1.921053
1.022222
0.909091
0.774194
2.159091
0.950000
2.685714
1.435897
1.232558
1.190476
0.883721
1.977778
1.266667
1.326087
2.476190
1.731707
1.750000
0.641026
1.032258
0.657895
0.870968
0.619048
1.000000
1.255319
2.333333
2.250000
1.727273
1.744681
0.765957
0.947368
2.029412
0.625000
1.571429
2.500000
1.852941
1.294118
1.425000
2.191489
3.431818
1.425000
1.866667
0.850000
1.739130
1.688889
2.020408
3.000000
1.869565
4.871795
1.324324
1.711111
1.930233
2.304348
2.585366
3.171429
3.160000
3.100000
2.888889
1.078431
1.878049
1.039216
1.528302
1.280000
1.369565
2.023256
2.085106
1.291667
1.235294
1.318182
1.513514
1.950000
1.425532
1.818182
1.137255
1.775510
2.347826
1.621622
0.815789
3.153846
1.972973
2.181818
0.950000
1.095238
2.058824
1.324324
1.526316
1.600000
2.763158
0.770833
1.974359
0.760870
2.000000
0.953488
1.255319
0.900000
1.351351
1.285714
1.628571
1.243902
0.847826
2.097561
1.571429
0.904762
1.250000
1.477273
1.000000
1.408163
0.975000
0.534884
1.187500
0.979592
2.454545
1.113636
1.097561
1.093023
0.783784
1.456522
1.500000
1.906977
1.128205
1.063830
0.957447
1.914286
0.844444
1.031250
2.555556
0.886364
1.166667
2.322581
0.850000
1.214286
3.433333
1.709677
1.242424
1.029412
1.179487
2.108108
1.428571
0.480769
1.707317
1.846154
1.684211
1.750000
1.769231
1.062500
1.882353
1.219512
1.268293
1.458333
1.279070
0.880952
1.466667
1.772727
1.870968
2.432432
0.733333
2.277778
0.957447
2.022727
1.050000
1.348837
1.066667
1.534884
1.553191
1.652174
1.404255
1.243902
1.567568
1.219512
3.704545
1.404762
2.365854
2.525000
2.437500
1.795455
1.050000
2.414634
0.755556
3.325581
1.760870
2.186047
1.369565
1.729730
0.783784
2.410256
2.440000
2.800000
2.690476
1.695652
2.136364
2.458333
1.862745
2.738095
2.613636
1.959184
0.902439
1.686275
0.750000
2.437500
1.695652
1.775510
2.372093
2.173913
1.854167
1.269231
0.870370
1.791667
1.282609
1.361702
1.651163
1.083333
1.377778
1.446809
1.478261
1.720930
1.854167
3.073171
2.613636
1.074074
0.745455
0.363636
0.836364
1.243243
0.568182
2.027778
1.697674
0.754717
0.500000
1.219512
1.545455
1.367347
0.581395
0.481481
1.060000
1.136364
1.782609
2.354167
1.232143
0.958333
1.418605
1.250000
1.159091
1.236842
1.073171
1.133333
0.500000
1.400000
0.288889
1.466667
0.571429
1.243902
0.687500
1.325581
1.395349
1.217391
1.000000
1.285714
2.275000
1.068182
1.428571
1.266667
0.860465
0.632653
1.828571
1.217391
1.095238
1.390244
1.000000
1.142857
1.486486
1.305556
0.875000
2.125000
0.740000
2.157895
1.212121
2.000000
1.108108
1.813953
0.781250
2.306122
1.000000
0.911765
2.250000
2.024390
1.022727
1.500000
1.772727
0.500000
1.488372
1.348837
0.847826
1.860465
0.977778
1.136364
1.250000
1.369565
0.902439
0.604651
1.040000
0.875000
2.000000
1.200000
1.270833
0.840000
1.088889
1.044444
1.340426
3.090909
1.575000
1.711111
1.534884
1.888889
0.755556
1.829787
1.324324
1.891304
1.390244
1.347826
3.179487
1.050000
1.979167
0.574468
1.078947
0.977778
1.794872
1.113636
0.883721
0.800000
1.304348
0.795455
1.369565
2.268293
3.325000
1.666667
1.173913
1.540000
3.350877
1.061224
3.395349
7.714286
3.795918
2.152174
4.710526
2.113636
2.600000
1.792453
1.790698
1.680851
0.703704
2.634146
1.527273
2.487805
1.288889
1.046512
0.734694
1.266667
1.218182
2.000000
1.276596
3.640000
2.116279
1.872340
2.928571
0.720930
1.047619
1.973684
1.641026
2.868421
1.146341
3.000000
1.555556
0.717391
0.731707
0.744186
1.300000
1.125000
0.820513
1.681818
1.056604
0.846154
1.204545
1.319149
1.333333
1.052632
0.925000
0.717949
1.238095
2.477273
0.920000
1.021277
0.978261
1.361702
1.239130
1.771429
1.694444
0.880952
1.731707
0.862069
1.380952
1.930233
1.225000
1.230769
1.044444
0.514286
1.755556
2.309524
1.232558
1.891892
1.255814
0.951220
1.088889
0.760870
0.972973
2.058824
2.486486
1.240741
1.302326
1.696970
0.962264
2.021277
1.634146
1.709677
2.041667
1.727273
1.186047
2.675000
1.131579
1.023810
2.117647
1.581395
1.833333
2.100000
1.500000
1.447368
1.382353
1.944444
1.297297
1.904762
1.891892
1.041667
1.025000
1.219512
1.333333
0.622642
1.666667
1.119048
1.204545
0.192308
1.128205
2.000000
1.238095
1.717949
0.790698
1.222222
0.744681
1.355556
1.116279
0.625000
1.128205
0.630435
1.761905
1.595238
1.534884
1.375000
1.700000
2.225000
0.955556
1.590909
1.369565
2.489796
1.266667
0.937500
1.608696
2.326531
1.119048
1.342105
0.916667
1.368421
1.317073
0.953488
1.309524
3.279070
1.428571
1.485714
2.058824
1.837838
0.795918
2.354167
4.666667
1.400000
4.191489
1.545455
1.925000
1.740000
1.523810
2.307692
1.634146
1.921053
0.708333
0.960784
0.690909
1.784314
2.468085
0.821429
1.620000
1.886364
0.745455
1.937500
0.977273
0.904762
2.200000
1.594595
1.035714
1.883721
2.037736
1.048780
1.470588
2.500000
1.096154
2.396226
3.644444
1.150943
1.825000
1.323529
1.341463
0.825000
1.342105
0.767442
0.872340
0.930233
0.900000
0.567568
1.488372
0.916667
1.320000
1.875000
0.850000
2.046512
1.630435
1.652174
1.690476
0.825000
1.700000
1.250000
1.705882
1.512821
3.409091
1.916667
0.925000
2.725000
1.717949
1.361111
1.270270
2.550000
2.031250
1.342105
2.757576
1.128205
1.085714
1.619048
1.586957
2.341463
2.584906
1.450980
1.136364
2.348837
1.523810
1.041667
1.595238
1.239130
0.897436
1.270270
2.583333
1.621622
1.241379
1.422222
0.950000
1.108108
1.488889
1.916667
1.369565
0.913043
1.000000
3.000000
1.581395
1.914894
1.200000
0.954545
1.459459
2.581395
1.666667
1.775510
2.041667
1.795455
2.106383
2.311111
1.529412
1.326531
1.463415
1.736842
4.500000
1.742857
1.159091
2.145833
1.720000
2.113636
2.510204
5.326531
4.000000
2.326087
2.959184
2.512195
0.916667
1.800000
0.959184
2.313725
3.048780
0.629630
0.511628
1.687500
2.981132
2.140000
1.818182
1.444444
4.361702
2.108696
2.058824
2.675676
2.567568
0.622642
0.784314
0.648649
1.365854
0.857143
2.783784
1.714286
0.875000
0.825000
3.292683
1.725490
1.352941
1.142857
1.261905
0.822222
0.781818
1.387755
1.586957
1.088889
0.944444
1.046512
2.906977
0.938776
1.980392
0.458333
0.931818
1.268293
2.000000
0.954545
1.130435
2.159091
1.000000
1.634146
1.659574
1.684211
0.795455
0.868421
1.022727
1.489362
1.765957
0.914286
0.951220
1.250000
1.764706
1.735294
4.000000
0.975000
2.085714
2.696970
1.538462
1.444444
2.916667
1.256410
1.081081
1.777778
1.629630
1.863636
1.319149
1.475000
1.384615
1.811321
1.441176
1.773585
0.477273
1.276596
2.065217
1.093023
1.568182
2.531915
1.488889
1.108696
1.763158
1.829268
0.978261
1.326531
0.854167
0.897959
2.466667
0.977778
0.860465
0.756098
1.105263
0.615385
2.166667
1.228571
1.205128
2.044444
1.660000
1.891892
0.800000
3.411765
3.300000
1.163265
1.061224
2.446809
1.304348
0.772727
1.088889
0.452381
1.466667
1.500000
2.047619
1.500000
1.434783
0.769231
1.545455
0.566667
2.447368
1.574468
0.936170
1.775510
2.369565
0.785714
2.127660
2.025000
1.694444
2.188679
2.650000
