0.078431
0.208333
0.297297
0.473684
0.378378
0.394737
0.317073
0.282609
0.115385
0.035088
0.071429
0.177778
0.944444
0.333333
0.292683
0.100000
0.260870
0.325000
0.288889
0.350000
0.217391
0.135593
0.250000
0.538462
0.461538
0.333333
0.181818
0.240741
0.369565
0.944444
0.265306
0.250000
0.205128
0.547619
0.756757
0.176471
0.363636
0.217391
1.147059
1.111111
0.431818
0.212766
0.265306
0.204545
0.225000
0.567568
0.395349
0.272727
0.311111
0.200000
0.538462
0.634146
0.583333
0.404762
0.139535
0.307692
0.757576
0.900000
0.209302
0.578947
0.317073
0.961538
0.486486
0.160000
0.190476
0.325581
0.766667
0.255814
0.116279
0.130435
0.906250
0.476190
0.133333
0.186047
0.419355
0.406250
0.219512
0.227273
0.090909
0.461538
0.191489
0.138889
0.342105
0.621622
0.593750
0.363636
0.368421
0.277778
0.578947
0.692308
0.514286
0.447368
0.309524
0.303030
0.511628
0.250000
0.311111
0.846154
0.044444
0.292683
0.220000
0.414634
0.295455
0.244444
0.076923
0.578947
0.722222
0.540541
0.333333
0.239130
0.674419
0.459459
0.657895
0.250000
0.354167
0.204082
0.534884
0.810811
0.595238
0.395349
2.378378
0.255319
0.666667
0.435897
0.694444
0.659091
0.977778
0.604651
0.468085
0.615385
0.439024
0.266667
0.461538
0.604651
0.589744
0.212766
0.326087
0.547619
0.512821
0.515152
0.676471
0.177778
0.638298
0.405405
0.243902
0.454545
0.350000
0.739130
0.736842
0.723404
0.145455
0.675000
0.488372
0.317073
0.390244
0.048780
0.255814
0.300000
0.122449
0.211538
0.292683
0.142857
0.160000
0.146341
0.282051
0.066667
0.425000
0.139535
0.583333
0.111111
0.235294
0.431818
0.333333
0.363636
0.428571
0.414634
0.340426
0.209302
0.761905
0.651163
0.155556
0.854167
0.100000
0.244444
0.092593
1.272727
0.428571
0.140000
0.619048
0.327273
0.076923
0.217391
0.217391
0.843750
0.843750
0.793103
0.793103
0.457143
0.457143
0.365854
0.365854
0.658537
0.658537
0.882353
0.882353
0.372549
0.372549
0.184211
0.184211
0.395349
0.395349
1.111111
1.111111
0.540541
0.600000
0.540541
0.600000
0.511628
0.761905
0.511628
0.761905
0.487179
0.487179
0.674419
0.674419
0.512195
0.404762
0.404762
0.512195
0.514286
0.368421
0.514286
0.368421
0.250000
0.250000
0.422222
0.422222
0.756757
0.756757
0.428571
0.428571
0.475000
0.475000
0.282051
0.282051
0.472222
0.472222
0.463415
0.230769
0.463415
0.230769
0.756757
0.756757
0.656250
0.568182
0.656250
0.568182
0.500000
0.500000
0.333333
0.333333
0.250000
0.250000
0.657143
0.657143
0.235294
0.235294
0.240000
0.240000
0.232143
0.232143
0.228070
0.163636
0.228070
0.163636
0.244898
0.347826
0.244898
0.347826
0.925000
0.276596
0.925000
0.666667
0.276596
0.666667
0.255319
0.391304
0.391304
0.240000
0.619048
0.769231
0.240000
1.085106
0.255319
0.777778
0.584906
0.619048
0.769231
1.085106
0.777778
0.584906
0.666667
0.666667
0.641026
0.577778
0.388889
1.044444
0.550000
0.333333
0.188679
0.523810
0.538462
0.292683
0.880952
0.800000
0.313725
0.666667
0.904762
0.413043
0.809524
0.510204
0.283019
0.425532
0.511628
0.425532
0.461538
0.731707
0.725000
0.595238
0.372549
0.266667
0.473684
0.590909
0.311111
0.710526
0.363636
0.375000
0.313725
0.375000
0.634146
0.642857
0.450000
0.696970
0.450000
0.318182
0.229167
0.500000
0.833333
0.567568
0.696970
1.151515
0.678571
0.347826
0.276596
0.333333
0.196429
0.444444
0.487179
0.306122
0.254902
0.214286
0.333333
0.926829
0.176471
0.581395
0.365385
0.534884
0.363636
0.638889
0.380952
0.593750
0.484848
1.055556
0.531915
0.421053
0.837209
0.274510
0.035714
0.357143
0.512195
0.302326
0.142857
1.243243
0.340909
0.423077
0.395833
0.196429
0.414634
0.425000
0.717391
0.270833
0.387755
0.347826
1.404762
0.595745
0.326531
0.346154
0.314286
0.529412
0.300000
0.641026
0.577778
0.388889
1.044444
0.346939
0.800000
0.313725
0.666667
0.904762
0.809524
0.510204
0.283019
0.107143
0.333333
0.352941
0.862069
0.432432
0.072727
0.487179
0.533333
0.173913
0.153846
0.600000
0.325000
0.372093
0.177778
0.265306
0.970588
0.763158
0.521739
0.140000
0.295455
0.134615
0.673913
0.717949
0.812500
0.757576
1.055556
0.209302
0.282609
0.395349
0.625000
0.692308
1.102564
0.142857
0.111111
0.515152
0.369565
0.973684
0.886364
0.466667
0.297872
0.131579
1.225000
0.648649
0.227273
0.447368
0.227273
0.205128
1.026316
0.292683
0.152174
0.295455
0.586957
0.538462
0.555556
0.175000
0.191489
0.166667
0.428571
0.631579
0.159091
0.411765
0.173077
0.173913
0.393939
1.307692
0.307692
0.133333
0.470588
0.416667
0.500000
0.315789
0.255814
0.730769
0.545455
0.325000
0.485714
0.275000
1.607143
0.484848
0.757576
0.285714
0.162162
0.378378
0.862069
1.206897
0.243243
0.369565
0.500000
0.628571
0.764706
0.487805
0.947368
0.513514
0.325000
0.459459
0.177778
0.279070
0.222222
0.658537
0.674419
0.657895
0.076923
0.239130
0.810811
0.595238
0.487805
0.410256
0.435897
0.906250
0.304348
0.254902
0.675000
0.604651
0.444444
0.270270
0.461538
0.615385
0.357143
0.594595
0.891892
0.289474
0.127660
0.512821
0.365854
0.875000
0.756757
0.454545
0.350000
0.340426
0.476190
0.175000
0.209302
0.354167
0.268293
0.208333
0.933333
0.386364
0.263158
0.390244
0.048780
0.225000
0.477273
0.211538
0.146341
0.208333
0.266667
0.188679
0.666667
0.235294
0.761905
0.651163
0.632653
0.404762
1.272727
0.297872
0.279070
0.363636
0.478261
0.250000
0.309524
1.034483
1.333333
0.585366
0.128205
0.306122
0.783784
0.729167
0.736842
0.456522
0.377778
0.410256
0.365854
0.225000
0.413043
0.542857
1.189189
0.789474
0.522727
0.184211
0.312500
0.486486
0.595238
0.700000
0.666667
0.414634
0.083333
0.285714
0.944444
0.375000
0.538462
0.325581
0.538462
0.195122
0.431818
0.659091
0.155556
0.605263
0.658537
0.435897
0.105263
0.139535
0.485714
0.279070
0.300000
0.093023
0.236842
0.020000
0.244444
0.191489
0.588235
0.106383
0.222222
0.170213
0.457143
0.195122
0.742857
0.857143
0.222222
0.195122
0.857143
0.324324
0.179487
0.588235
1.413793
0.648649
0.529412
0.116279
0.548387
0.516129
1.314286
0.909091
0.227273
0.304348
0.714286
0.967742
1.025641
0.684211
0.265306
0.565217
0.394737
0.200000
0.363636
1.064516
0.636364
0.500000
0.514286
0.384615
0.581395
0.738095
0.581395
0.555556
0.400000
0.347826
0.547619
0.219512
0.638889
0.564103
0.258065
0.657895
0.258065
0.309524
0.380952
0.148936
0.215686
0.840909
0.386364
0.468085
0.297872
0.526316
0.735294
0.250000
0.404762
0.261905
0.264706
0.117647
0.400000
0.276596
0.340909
0.250000
0.088889
0.425000
0.239130
0.533333
0.387755
0.357143
0.304348
0.564103
0.297297
0.200000
0.604651
0.304348
0.219512
0.228571
0.380000
0.075000
0.444444
0.529412
0.195122
0.196078
0.226415
0.400000
0.260870
0.162791
0.617021
0.270833
0.617647
0.454545
0.594595
0.375000
0.425532
0.477273
0.333333
0.102041
0.326087
0.432432
0.578947
0.128205
0.324324
0.545455
0.375000
0.214286
0.705882
0.972973
0.736842
0.450000
0.552632
0.354167
0.666667
0.326087
0.277778
0.395349
0.872340
0.575000
0.540541
0.595238
0.685714
0.512195
0.304348
0.512195
0.690476
0.738095
0.750000
0.363636
0.361702
0.061224
0.450000
0.488372
1.187500
0.265306
0.295455
0.318182
0.463415
0.232558
0.324324
0.347826
0.413043
0.139535
0.256410
0.148936
0.127660
0.685714
0.177778
0.937500
0.333333
0.227273
0.476190
1.000000
0.300000
0.452381
0.466667
1.032258
1.030303
0.411765
0.333333
0.297297
0.400000
0.307692
0.365854
0.692308
0.289474
1.075000
0.564103
0.312500
1.500000
0.439024
0.975610
0.250000
0.302326
0.523810
0.355556
0.295455
0.612903
0.459459
0.400000
0.944444
0.382979
0.840909
0.275000
0.441860
1.333333
0.395349
0.340426
0.326087
0.297872
0.195122
0.243243
0.268293
0.613636
0.547619
0.439024
0.500000
0.531250
0.636364
0.250000
0.512195
0.488889
0.604651
0.521739
0.209302
0.173913
0.324324
0.324324
0.358974
0.440000
0.200000
0.309524
0.239130
0.522727
0.625000
0.196078
0.261905
0.318182
0.224490
0.756098
0.176471
0.211538
0.208333
0.152174
0.408163
0.441860
0.413043
0.312500
0.423077
0.314815
0.208333
0.326087
0.340426
0.604651
0.270833
0.288889
0.765957
0.369565
0.627907
0.229167
0.268293
0.590909
0.074074
0.127273
0.127273
0.418182
0.567568
0.500000
0.472222
0.209302
0.528302
0.312500
0.341463
0.272727
0.142857
0.302326
0.129630
0.300000
0.386364
0.369565
0.395833
0.232143
0.708333
0.604651
0.291667
0.113636
0.263158
0.219512
0.222222
0.229167
0.375000
0.311111
0.355556
0.452381
0.317073
0.125000
0.651163
0.395349
0.391304
0.162791
0.204082
0.425000
0.613636
0.904762
0.444444
0.488372
0.244898
0.571429
0.282609
0.285714
0.341463
0.183673
0.119048
0.378378
0.555556
0.375000
0.575000
0.120000
0.289474
0.424242
0.707317
0.540541
0.186047
0.468750
0.306122
0.216216
0.794118
0.477273
0.634146
0.681818
0.880952
0.500000
0.360000
0.325581
0.558140
0.369565
0.465116
0.622222
0.272727
0.250000
0.652174
0.707317
0.418605
0.280000
0.325000
0.175000
0.400000
0.270833
0.320000
0.288889
0.466667
0.319149
0.522727
0.500000
0.622222
0.674419
0.500000
0.511111
0.319149
1.108108
0.130435
0.365854
0.304348
0.564103
0.450000
0.458333
0.765957
0.526316
0.222222
0.358974
0.136364
0.186047
0.485714
0.478261
0.500000
0.630435
1.097561
0.375000
0.166667
0.173913
0.200000
0.263158
0.448980
0.418605
0.408163
0.061224
0.152174
0.368421
0.500000
0.525000
0.132075
0.418605
0.425532
0.462963
0.243902
0.200000
0.414634
0.200000
0.627907
0.346939
0.444444
0.381818
0.857143
0.234043
0.600000
0.186047
0.085106
0.690476
0.674419
0.785714
0.210526
0.564103
0.526316
0.560976
0.400000
0.377778
0.326087
0.926829
0.395349
0.300000
0.100000
0.435897
0.386364
0.320755
0.365385
0.545455
0.276596
0.761905
0.184211
0.250000
0.692308
0.547619
1.159091
0.180000
0.276596
0.717391
0.489362
0.391304
1.371429
0.444444
0.238095
0.609756
1.068966
0.642857
0.581395
0.450000
0.717949
0.155556
0.400000
0.422222
0.523810
0.395349
0.864865
0.465116
0.560976
0.266667
0.326087
0.675676
0.529412
0.486486
0.037037
0.209302
0.818182
0.094340
0.127660
0.195122
0.967742
1.375000
0.204545
0.325581
0.200000
0.815789
0.238095
0.264706
0.232558
0.357143
0.666667
0.538462
0.815789
0.352941
0.500000
0.729730
0.357143
0.351351
0.083333
0.475000
1.146341
0.176471
0.264151
0.733333
0.642857
0.590909
0.192308
0.487179
0.675000
0.500000
0.487179
0.511628
0.555556
0.276596
0.333333
0.209302
0.525000
0.179487
0.130435
0.571429
0.285714
0.372093
0.325000
0.966667
0.300000
0.177778
0.545455
0.304348
0.387755
0.533333
0.416667
0.195652
0.163265
0.452381
0.473684
0.708333
0.500000
0.634146
0.232558
0.166667
0.348837
0.371429
0.285714
0.294118
0.486486
0.244898
0.187500
0.395833
0.577778
0.340426
0.181818
0.225000
0.260000
0.357143
0.410256
0.341463
0.605263
0.500000
0.137255
0.290909
0.039216
0.361702
0.053571
0.820000
0.159091
0.290909
0.208333
0.295455
0.547619
0.575000
0.432432
0.053571
0.534884
0.207547
0.975610
0.137255
0.456522
0.173077
0.056604
0.511111
0.245283
0.500000
0.470588
0.439024
0.700000
0.236842
0.139535
0.361702
0.627907
0.160000
0.459459
0.720930
0.312500
0.260000
0.625000
0.525000
0.581395
0.282609
0.326087
0.452381
0.475000
0.240000
1.000000
0.352941
0.256410
0.113636
0.583333
0.425000
0.100000
0.410256
0.333333
0.405405
0.300000
0.875000
0.157895
0.969697
0.282051
0.742857
1.166667
0.413043
0.585366
0.207547
0.352941
0.681818
0.558140
0.380952
0.291667
0.452381
0.565217
0.512821
0.432432
0.944444
0.594595
0.758621
0.377778
0.350000
0.702703
0.400000
0.611111
0.369565
0.282609
0.461538
0.413043
0.395349
0.170213
0.109091
0.295455
1.459459
0.534884
0.641026
0.183673
0.333333
0.454545
0.404255
0.688889
0.098039
0.306122
0.487805
0.263158
0.250000
0.371429
0.204545
0.250000
0.100000
0.590909
0.081633
0.836735
0.076923
0.478261
0.448980
0.146341
0.066667
0.577778
0.387755
0.058824
0.390244
0.259259
0.511628
0.187500
0.132075
0.160000
0.636364
0.666667
0.617021
0.369565
0.323529
0.216216
0.810811
0.283019
0.215686
0.675676
0.439024
0.500000
0.459459
0.261905
0.575000
0.425000
0.536585
0.176471
0.823529
0.265306
0.476190
0.400000
0.236364
0.224490
0.130435
0.333333
0.583333
0.604651
0.581395
0.591837
0.235294
0.145833
0.636364
0.268293
0.565217
0.113636
0.239130
0.386364
0.222222
0.097561
0.127660
0.122807
0.272727
0.289474
0.227273
0.106383
0.212766
0.685714
0.195122
0.187500
0.588235
0.529412
1.000000
0.325000
0.485714
0.727273
0.358974
0.377778
0.972222
0.358974
1.000000
0.722222
1.148148
0.363636
0.425532
1.100000
0.820513
0.226415
1.441176
0.320755
0.318182
0.404255
0.413043
0.744186
0.454545
0.212766
0.377778
0.413043
0.394737
0.487805
0.413043
0.265306
0.291667
0.387755
0.355556
0.177778
0.511628
0.487805
0.842105
0.333333
0.142857
0.314286
0.384615
0.666667
0.160000
0.243243
0.275000
0.323529
0.450000
0.204082
0.408163
0.170213
0.282609
0.318182
0.244444
0.619048
0.466667
0.452381
0.357143
0.115385
0.173913
0.179487
0.318182
0.133333
0.394737
0.191489
0.425532
0.244898
0.434783
0.738095
0.382979
0.300000
1.138889
0.132075
0.775000
