0.254902
0.229167
0.567568
0.578947
0.459459
0.815789
0.463415
0.413043
0.326923
0.122807
0.125000
0.444444
0.277778
0.948718
0.682927
0.650000
0.695652
0.775000
0.377778
0.800000
0.434783
0.084746
0.115385
0.282051
0.384615
0.461538
0.750000
0.203704
0.195652
0.333333
0.102041
0.318182
0.589744
0.190476
0.162162
0.156863
0.386364
0.369565
0.205882
0.166667
0.113636
0.255319
0.285714
0.431818
0.150000
0.297297
0.162791
1.424242
0.377778
0.775000
0.153846
0.073171
0.229167
0.428571
0.651163
0.641026
0.303030
0.200000
0.674419
1.026316
0.243902
0.615385
0.297297
0.380000
0.809524
0.651163
0.533333
0.837209
0.604651
0.804348
0.281250
0.500000
0.622222
0.302326
0.870968
0.562500
0.512195
0.318182
0.795455
0.230769
0.829787
1.138889
0.921053
0.189189
0.343750
0.757576
0.605263
0.805556
0.157895
0.307692
0.428571
0.421053
0.428571
0.666667
0.325581
0.611111
0.466667
0.256410
0.444444
0.439024
0.180000
0.341463
0.431818
0.533333
0.288462
0.289474
0.250000
0.918919
0.208333
0.217391
0.139535
0.405405
0.157895
0.454545
0.187500
0.224490
0.302326
0.486486
0.166667
0.162791
0.270270
0.191489
0.523810
0.256410
0.222222
0.113636
0.355556
0.302326
0.085106
0.487179
0.146341
0.222222
0.358974
0.302326
0.282051
0.361702
0.173913
0.238095
0.333333
0.454545
0.735294
0.444444
0.255319
0.540541
0.365854
0.386364
0.250000
0.195652
0.473684
0.276596
0.072727
0.250000
0.162791
0.512195
0.609756
0.756098
0.372093
0.375000
0.306122
0.480769
0.146341
0.244898
0.280000
0.975610
0.487179
0.016667
0.525000
0.372093
0.166667
0.222222
0.117647
0.250000
0.128205
0.409091
0.163265
0.170732
0.255319
0.604651
0.095238
0.395349
0.311111
0.312500
0.340000
0.622222
0.296296
0.333333
0.183673
0.340000
0.523810
0.218182
0.250000
0.456522
0.456522
0.375000
0.375000
0.827586
0.827586
0.257143
0.257143
0.585366
0.585366
0.219512
0.219512
0.294118
0.294118
0.117647
0.117647
0.500000
0.500000
0.209302
0.209302
0.222222
0.222222
0.243243
0.514286
0.243243
0.514286
0.372093
0.214286
0.372093
0.214286
0.461538
0.461538
0.232558
0.232558
0.365854
0.357143
0.357143
0.365854
0.485714
0.368421
0.485714
0.368421
0.181818
0.181818
0.266667
0.266667
0.297297
0.297297
0.190476
0.190476
0.725000
0.725000
0.641026
0.641026
0.444444
0.444444
0.292683
0.192308
0.292683
0.192308
0.675676
0.675676
0.468750
0.136364
0.468750
0.136364
0.250000
0.250000
0.137255
0.137255
0.173077
0.173077
0.542857
0.542857
0.137255
0.137255
0.400000
0.400000
0.089286
0.089286
0.070175
0.072727
0.070175
0.072727
0.163265
0.304348
0.163265
0.304348
0.575000
0.170213
0.575000
0.222222
0.170213
0.222222
0.361702
0.282609
0.282609
0.120000
0.333333
0.564103
0.120000
0.255319
0.361702
0.592593
0.113208
0.333333
0.564103
0.255319
0.592593
0.113208
0.333333
0.333333
0.256410
0.111111
0.074074
0.222222
0.275000
0.238095
0.056604
0.357143
0.256410
0.268293
0.309524
0.288889
0.254902
0.520833
0.214286
0.195652
0.309524
0.102041
0.132075
0.361702
0.186047
0.361702
0.435897
0.121951
0.425000
0.214286
0.019608
0.222222
0.289474
0.204545
0.222222
0.473684
0.136364
0.062500
0.215686
0.250000
0.195122
0.523810
0.275000
0.303030
0.150000
0.250000
0.187500
0.375000
0.214286
0.324324
0.393939
0.242424
0.500000
0.217391
0.234043
0.117647
0.125000
0.200000
0.410256
0.122449
0.137255
0.089286
0.288889
0.170732
0.156863
0.372093
0.076923
0.139535
0.340909
0.222222
0.238095
0.437500
0.272727
0.583333
0.212766
0.368421
0.348837
0.235294
0.107143
0.285714
0.292683
0.232558
0.107143
0.540541
0.250000
0.288462
0.166667
0.107143
0.317073
0.400000
0.217391
0.083333
0.306122
0.217391
0.261905
0.255319
0.102041
0.326923
0.914286
0.019608
0.280000
0.256410
0.111111
0.074074
0.222222
0.387755
0.288889
0.254902
0.520833
0.214286
0.309524
0.102041
0.132075
0.142857
0.555556
0.882353
0.655172
0.702703
0.145455
0.333333
0.200000
0.260870
0.846154
0.457143
0.700000
0.558140
0.444444
0.122449
0.147059
0.421053
0.065217
0.420000
0.318182
0.307692
0.195652
0.487179
0.468750
0.363636
0.250000
0.558140
0.326087
0.209302
0.175000
0.333333
0.076923
0.265306
0.555556
0.757576
0.565217
0.105263
0.250000
0.111111
0.382979
0.842105
0.100000
0.351351
0.590909
0.605263
0.340909
0.615385
0.263158
0.560976
0.478261
0.340909
0.282609
0.358974
0.177778
0.450000
0.446809
0.476190
0.685714
0.894737
0.340909
0.764706
0.269231
0.478261
0.424242
0.461538
0.923077
0.400000
0.382353
0.444444
0.805556
0.578947
0.372093
0.230769
0.242424
0.425000
0.828571
0.475000
0.214286
1.212121
0.272727
0.457143
0.864865
0.486486
0.172414
0.551724
0.540541
0.282609
0.700000
0.257143
0.352941
0.292683
0.368421
0.432432
0.525000
0.297297
0.222222
0.325581
0.111111
0.536585
0.139535
0.157895
0.269231
0.500000
0.486486
0.166667
0.317073
0.358974
0.256410
0.468750
0.152174
0.196078
0.150000
0.302326
0.222222
1.000000
0.358974
0.666667
0.309524
0.243243
0.297297
0.631579
0.382979
0.153846
0.341463
0.468750
0.648649
0.386364
0.250000
0.255319
0.238095
0.875000
0.534884
0.125000
0.487805
0.333333
0.155556
0.159091
0.526316
0.609756
0.756098
1.250000
0.409091
0.480769
0.975610
0.354167
0.422222
0.094340
0.230769
0.117647
0.095238
0.395349
0.020408
1.404762
0.333333
0.234043
0.255814
0.159091
0.326087
0.153846
0.238095
0.551724
0.333333
1.170732
0.461538
0.265306
0.243243
0.020833
0.263158
0.173913
0.133333
0.487179
0.463415
0.325000
0.173913
0.314286
0.135135
0.157895
0.227273
0.789474
0.437500
0.594595
0.238095
0.125000
0.307692
0.268293
0.333333
0.306122
0.361111
0.229167
0.410256
0.627907
1.000000
0.902439
0.250000
0.250000
0.488889
0.421053
0.268293
0.358974
0.815789
0.534884
0.542857
0.372093
0.525000
0.534884
0.368421
0.340000
0.311111
0.659574
0.323529
0.489362
0.488889
0.510638
0.342857
0.414634
0.314286
0.485714
0.583333
0.439024
0.642857
0.594595
0.641026
0.647059
0.310345
0.216216
0.323529
0.627907
1.032258
1.064516
0.257143
0.272727
0.318182
0.173913
0.142857
0.451613
0.307692
0.605263
0.142857
0.000000
0.236842
0.355556
0.181818
0.161290
0.181818
0.400000
0.428571
0.307692
0.162791
0.309524
0.116279
0.155556
0.066667
0.260870
0.523810
0.487805
0.388889
0.282051
0.645161
0.184211
0.741935
0.285714
0.714286
0.255319
0.529412
0.227273
0.181818
0.106383
0.276596
0.315789
0.588235
0.550000
0.261905
0.642857
1.029412
0.235294
0.425000
0.212766
0.272727
0.425000
1.333333
0.575000
0.195652
0.333333
0.306122
0.761905
0.478261
0.384615
0.432432
0.555556
0.348837
0.456522
0.439024
1.314286
0.140000
1.300000
0.611111
0.156863
0.707317
0.137255
0.188679
0.100000
0.434783
0.674419
0.191489
0.333333
0.705882
0.318182
0.324324
0.725000
0.297872
0.250000
0.411765
0.285714
0.847826
0.567568
0.157895
0.897436
0.594595
0.878788
0.450000
0.357143
0.441176
0.243243
0.500000
0.350000
0.236842
0.520833
0.384615
0.195652
0.148148
0.302326
0.170213
0.175000
0.405405
0.309524
0.314286
0.121951
0.239130
0.268293
0.261905
0.190476
0.295455
0.363636
0.489362
0.612245
0.325000
0.581395
0.500000
0.122449
0.431818
0.522727
0.536585
0.511628
0.513514
0.239130
0.543478
0.348837
0.743590
0.212766
0.510638
0.400000
0.422222
0.375000
0.416667
0.818182
0.476190
0.096774
0.525000
0.523810
0.666667
0.548387
0.212121
0.794118
0.538462
0.729730
0.571429
0.076923
0.073171
0.461538
0.289474
0.400000
0.307692
0.416667
0.264706
0.414634
0.219512
0.312500
0.186047
0.380952
0.377778
0.431818
0.419355
0.540541
0.266667
0.138889
0.212766
0.181818
0.300000
0.279070
0.300000
0.255814
0.212766
0.260870
0.234043
0.243902
0.783784
0.585366
0.181818
0.285714
0.317073
0.200000
0.437500
0.545455
0.950000
0.512195
0.222222
0.348837
0.108696
0.604651
0.434783
1.027027
0.459459
0.538462
0.020000
0.311111
0.357143
0.326087
0.113636
0.520833
0.333333
0.642857
0.159091
0.183673
0.048780
0.274510
0.230769
0.437500
0.391304
0.102041
0.279070
0.282609
0.104167
0.134615
0.074074
0.312500
0.608696
0.297872
0.232558
0.145833
0.400000
0.340426
0.282609
0.209302
0.562500
0.414634
0.363636
0.222222
0.236364
0.254545
0.000000
0.216216
0.136364
0.555556
0.558140
0.075472
0.166667
0.268293
0.159091
0.102041
0.255814
0.074074
0.040000
0.272727
0.195652
0.229167
0.035714
0.166667
0.348837
0.145833
0.568182
0.763158
0.658537
0.266667
0.145833
0.300000
0.355556
0.288889
0.357143
0.365854
0.437500
0.186047
0.279070
0.152174
0.465116
0.122449
0.375000
0.136364
0.190476
0.422222
0.302326
0.183673
0.428571
0.565217
0.309524
0.609756
0.224490
0.476190
0.594595
0.611111
0.675000
0.375000
0.420000
1.368421
0.454545
0.097561
0.432432
0.302326
0.562500
0.163265
0.702703
0.352941
0.204545
0.170732
0.181818
0.166667
0.250000
0.220000
0.302326
0.093023
0.282609
0.302326
0.155556
0.431818
0.675000
0.108696
0.219512
0.395349
0.200000
0.300000
0.425000
0.333333
0.166667
0.100000
0.444444
0.177778
0.276596
0.227273
0.300000
0.422222
0.093023
0.444444
0.133333
0.212766
0.621622
0.304348
0.512195
0.239130
0.307692
0.425000
0.125000
0.936170
0.710526
0.266667
0.487179
0.886364
0.534884
0.314286
0.130435
0.318182
0.239130
0.073171
0.650000
0.208333
0.456522
0.280000
0.087719
0.122449
1.953488
0.183673
0.591837
0.391304
0.315789
0.295455
0.725000
0.245283
0.441860
0.553191
0.037037
1.219512
0.090909
0.634146
0.533333
0.116279
0.265306
0.088889
0.036364
0.404762
0.148936
0.080000
0.488372
0.446809
0.404762
0.139535
0.238095
0.315789
0.230769
0.342105
0.292683
0.225000
0.066667
0.239130
0.439024
0.348837
0.325000
0.675000
0.384615
0.204545
0.264151
0.096154
0.250000
0.255319
0.500000
0.500000
0.825000
0.179487
0.238095
0.454545
0.100000
0.361702
0.086957
0.085106
0.130435
0.228571
0.361111
0.357143
0.195122
0.448276
0.166667
0.209302
0.250000
0.358974
0.422222
0.742857
0.244444
0.214286
0.534884
0.486486
0.348837
1.560976
0.533333
0.130435
0.351351
0.588235
0.162162
0.425926
0.395349
0.666667
0.132075
0.276596
0.536585
0.290323
0.875000
0.727273
0.441860
0.525000
0.263158
0.309524
0.411765
0.441860
0.404762
0.466667
0.615385
0.210526
0.235294
0.416667
0.567568
0.333333
0.594595
0.250000
0.150000
0.243902
0.215686
0.094340
0.133333
0.119048
0.181818
0.038462
0.410256
0.250000
0.095238
0.230769
0.139535
0.305556
0.127660
0.111111
0.162791
0.175000
0.435897
0.304348
0.357143
0.571429
0.325581
0.900000
0.500000
0.225000
0.422222
0.409091
0.239130
0.122449
0.266667
0.458333
0.521739
0.244898
0.285714
0.342105
1.833333
0.421053
0.365854
0.116279
0.380952
0.627907
0.771429
0.542857
0.617647
0.810811
0.163265
0.312500
0.083333
0.133333
0.446809
0.545455
1.375000
0.260000
0.452381
0.512821
0.439024
0.157895
0.229167
0.431373
0.090909
0.294118
0.638298
0.553571
0.200000
0.454545
0.109091
0.375000
0.340909
0.214286
0.400000
0.378378
0.178571
0.279070
0.132075
0.390244
0.333333
0.152174
0.346154
0.207547
0.377778
0.056604
0.175000
0.441176
0.268293
0.275000
0.526316
0.581395
0.127660
0.232558
0.140000
0.297297
0.162791
0.208333
0.220000
0.250000
0.400000
0.441860
0.326087
0.260870
0.166667
0.300000
0.100000
0.388889
0.441176
0.384615
0.295455
0.472222
0.300000
0.425000
0.461538
0.388889
0.486486
2.100000
0.406250
0.473684
0.242424
0.666667
0.371429
0.166667
0.239130
0.219512
0.132075
0.235294
0.363636
0.162791
0.261905
0.208333
0.404762
0.326087
0.307692
0.675676
0.500000
0.405405
0.448276
0.222222
0.400000
0.567568
0.088889
0.305556
0.260870
0.152174
0.076923
0.304348
0.279070
0.340426
0.145455
0.159091
0.027027
0.418605
0.410256
0.326531
0.270833
0.227273
0.234043
0.355556
0.274510
0.387755
0.341463
0.868421
0.725000
1.114286
0.863636
0.354167
0.300000
0.204545
0.632653
0.510204
0.211538
0.413043
0.326531
0.414634
0.050000
0.377778
0.102041
0.333333
0.439024
0.092593
0.697674
0.375000
0.245283
0.180000
0.250000
0.444444
0.127660
0.304348
0.823529
0.675676
0.297297
0.132075
0.176471
0.243243
0.195122
0.166667
0.702703
0.333333
0.250000
0.300000
0.121951
0.254902
0.411765
0.142857
0.261905
0.155556
0.054545
0.204082
0.391304
0.222222
0.416667
0.348837
0.162791
0.081633
0.529412
0.291667
0.318182
0.756098
0.500000
0.500000
0.413043
0.477273
0.311111
0.487805
0.553191
0.052632
0.659091
0.947368
0.636364
0.425532
0.638298
0.257143
0.731707
0.354167
0.205882
0.235294
0.454545
0.800000
0.371429
0.363636
0.435897
0.422222
0.472222
0.461538
0.243243
0.694444
0.444444
0.136364
0.191489
0.025000
0.487179
0.169811
0.352941
0.283019
0.272727
0.148936
0.260870
0.069767
0.363636
0.191489
0.222222
0.195652
0.289474
0.390244
0.282609
0.163265
0.104167
0.142857
0.400000
0.266667
0.325581
0.341463
0.605263
0.820513
0.666667
0.285714
0.435897
0.133333
0.080000
0.675676
0.800000
0.705882
0.650000
0.306122
0.204082
0.446809
0.500000
0.500000
0.266667
0.166667
0.088889
0.142857
0.452381
0.307692
0.500000
0.538462
0.500000
0.033333
0.657895
0.170213
0.234043
0.102041
0.304348
0.238095
0.319149
0.675000
0.194444
0.037736
0.150000
